WITH ADJUSTMENT:

Min: 570.41650390625
Max: 383999744.0
Mean: 202588.95457828388
Standard Deviation: 3166379.503651239

WITHOUT ADJUSTMENT:

Min: 120280.1875
Max: 230290.015625
Mean: 176780.59831166535
Standard Deviation: 26623.64814207139
